Versão do compilador: 3.7.1 (default, Dec 10 2018, 22:54:23) [MSC v.1915 64 bit (AMD64)]entrada:	0	esperado:	[0. 0. 1.]	obtido:	[0.00000000e+00 0.00000000e+00 1.00000000e+00 1.62470402e-21
 1.57963155e-02 9.85654667e-01]
entrada:	1	esperado:	[1. 0. 0.]	obtido:	[1.         0.         0.         0.74183278 0.24483891 0.24260837]
entrada:	2	esperado:	[0. 0. 1.]	obtido:	[0.00000000e+00 0.00000000e+00 1.00000000e+00 4.07595535e-21
 1.71706737e-02 9.84260446e-01]
entrada:	3	esperado:	[0. 1. 0.]	obtido:	[0.         1.         0.         0.13378316 0.56901505 0.45098826]
entrada:	4	esperado:	[0. 0. 1.]	obtido:	[0.00000000e+00 0.00000000e+00 1.00000000e+00 5.76398340e-10
 1.66497560e-01 8.48617995e-01]
entrada:	5	esperado:	[1. 0. 0.]	obtido:	[1.         0.         0.         0.98096256 0.37569208 0.2223788 ]
entrada:	6	esperado:	[0. 1. 0.]	obtido:	[0.         1.         0.         0.19683699 0.58942502 0.4446379 ]
entrada:	7	esperado:	[0. 1. 0.]	obtido:	[0.         1.         0.         0.19490399 0.59365294 0.44611185]
entrada:	8	esperado:	[1. 0. 0.]	obtido:	[1.         0.         0.         0.97744039 0.33581317 0.21398812]
entrada:	9	esperado:	[1. 0. 0.]	obtido:	[1.         0.         0.         0.90278015 0.28083776 0.22948205]
entrada:	10	esperado:	[0. 1. 0.]	obtido:	[0.         1.         0.         0.17450899 0.59059087 0.44904619]
entrada:	11	esperado:	[1. 0. 0.]	obtido:	[1.         0.         0.         0.96017867 0.31572484 0.22026877]
entrada:	12	esperado:	[0. 0. 1.]	obtido:	[0.00000000e+00 0.00000000e+00 1.00000000e+00 1.52233326e-22
 1.33425045e-02 9.88006424e-01]
entrada:	13	esperado:	[0. 0. 1.]	obtido:	[0.00000000e+00 0.00000000e+00 1.00000000e+00 1.75063438e-21
 1.62437667e-02 9.85538677e-01]
entrada:	14	esperado:	[0. 0. 1.]	obtido:	[0.00000000e+00 0.00000000e+00 1.00000000e+00 1.89754673e-23
 1.12370064e-02 9.89881092e-01]
entrada:	15	esperado:	[1. 0. 0.]	obtido:	[1.         0.         0.         0.93437899 0.29335082 0.22436055]
entrada:	16	esperado:	[0. 0. 1.]	obtido:	[0.00000000e+00 0.00000000e+00 1.00000000e+00 3.40792410e-12
 1.01723325e-01 9.07750683e-01]
entrada:	17	esperado:	[0. 1. 0.]	obtido:	[0.         1.         0.         0.18447454 0.5883205  0.44685307]
