Iniciando treinamento com 21 amostras 

Entradas de treino 
        x1      x2       x3
23  0.5307  0.1285   5.6883
21 -0.7970  0.8795   3.8762
5   0.2569  0.6730   8.3265
25  0.3957  0.1076   5.6623
19  0.6483  0.2183   5.8991
14  1.4391  0.1614   8.5843
17  0.2144  0.7515   7.1699
6   1.1155  0.6043   7.4446
16  0.3654  1.0475   7.4858
8   0.0121  0.5256   4.6316
0  -0.6508  0.1097   4.0009
2   2.0850  0.6876  12.0710
7   0.0914  0.3399   7.0677
22 -1.0625  0.6366   2.4707
11  0.2735  1.0287   7.1934
20 -0.1147  0.2242   7.2435
9  -0.0429  0.4660   5.4323
28  2.0149  0.6192  10.9263
15 -0.9115 -0.1973   2.1962
26 -0.1013  0.5989   7.1812
3   0.2626  1.1476   7.7985
Labels de teste 
23    1.0
21    1.0
5    -1.0
25   -1.0
19    1.0
14   -1.0
17    1.0
6     1.0
16    1.0
8     1.0
0    -1.0
2    -1.0
7    -1.0
22    1.0
11    1.0
20   -1.0
9     1.0
28   -1.0
15   -1.0
26   -1.0
3     1.0
Entradas de teste 
        x1      x2       x3
13  0.4089 -0.1267   5.5019
4   0.6418  1.0234   7.0427
1  -1.4492  0.8896   4.4005
10  0.4340  0.6870   8.2287
29  0.2012  0.2611   5.4631
12  0.4839  0.4851   7.4850
18  0.2013  1.0014   6.5489
27  2.4482  0.9455  11.2095
24 -1.2200  0.7777   1.7252
Labels de treino 
13   -1.0
4     1.0
1    -1.0
10   -1.0
29    1.0
12   -1.0
18    1.0
27    1.0
24    1.0
Esta sem erros na epoca: 148
Terminou por não haver mais erros
Erros: [0. 0. 0. 0. 0. 0. 0. 0. 0. 0. 0. 0. 0. 0. 0. 0. 0. 0. 0. 0. 0.]
Pesos: [[ 1.42      0.506682  1.510194 -0.317556]]
Iniciando teste


x0	x1	x2	y	label
0.4089	-0.1267	5.5019	A	A
0.6418	1.0234	7.0427	B	B
-1.4492	0.8896	4.4005	B	B
0.434	0.687	8.2287	B	B
0.2012	0.2611	5.4631	B	B
0.4839	0.4851	7.485	B	B
0.2013	1.0014	6.5489	B	B
2.4482	0.9455	11.2095	B	B
-1.22	0.7777	1.7252	B	B
