Versão do compilador: 2.7.16 |Anaconda, Inc.| (default, Mar 14 2019, 15:42:17) [MSC v.1500 64 bit (AMD64)]
Iniciando treinamento com 21 amostras 

Entradas de treino 
        x1      x2       x3
6   1.1155  0.6043   7.4446
3   0.2626  1.1476   7.7985
26 -0.1013  0.5989   7.1812
25  0.3957  0.1076   5.6623
9  -0.0429  0.4660   5.4323
4   0.6418  1.0234   7.0427
20 -0.1147  0.2242   7.2435
10  0.4340  0.6870   8.2287
24 -1.2200  0.7777   1.7252
13  0.4089 -0.1267   5.5019
17  0.2144  0.7515   7.1699
15 -0.9115 -0.1973   2.1962
28  2.0149  0.6192  10.9263
11  0.2735  1.0287   7.1934
7   0.0914  0.3399   7.0677
0  -0.6508  0.1097   4.0009
23  0.5307  0.1285   5.6883
5   0.2569  0.6730   8.3265
12  0.4839  0.4851   7.4850
21 -0.7970  0.8795   3.8762
8   0.0121  0.5256   4.6316
Labels de treino 
6     1.0
3     1.0
26   -1.0
25   -1.0
9     1.0
4     1.0
20   -1.0
10   -1.0
24    1.0
13   -1.0
17    1.0
15   -1.0
28   -1.0
11    1.0
7    -1.0
0    -1.0
23    1.0
5    -1.0
12   -1.0
21    1.0
8     1.0
Entradas de teste 
        x1      x2       x3
16  0.3654  1.0475   7.4858
14  1.4391  0.1614   8.5843
27  2.4482  0.9455  11.2095
22 -1.0625  0.6366   2.4707
19  0.6483  0.2183   5.8991
18  0.2013  1.0014   6.5489
1  -1.4492  0.8896   4.4005
2   2.0850  0.6876  12.0710
29  0.2012  0.2611   5.4631
Labels de teste 
16    1.0
14   -1.0
27    1.0
22    1.0
19    1.0
18    1.0
1    -1.0
2    -1.0
29    1.0
Peso 0: -0.05085864262290385
Peso 1: 0.31494500531451064
Peso 2: 0.3328209422496762
Peso 3: -0.7147992941492645
Esta sem erros na epoca: 17
Terminou por não haver mais erros
Erros: [0. 0. 0. 0. 0. 0. 0. 0. 0. 0. 0. 0. 0. 0. 0. 0. 0. 0. 0. 0. 0.]
Pesos: [[-0.53085864  0.23243301  0.51865294 -0.12271929]]
Iniciando teste


x0	x1	x2	y	label	
0.3654	1.0475	7.4858	P2	P2
1.4391	0.1614	8.5843	P1	P1
2.4482	0.9455	11.2095	P2	P2
-1.0625	0.6366	2.4707	P2	P2
0.6483	0.2183	5.8991	P2	P2
0.2013	1.0014	6.5489	P2	P2
-1.4492	0.8896	4.4005	P2	P1
2.085	0.6876	12.071	P1	P1
0.2012	0.2611	5.4631	P2	P2

Testes:
-0.3665	0.062	5.9891	P1
-0.7842	11267	5.5912	P2
0.3012	0.5611	5.8234	P2
0.7757	1.0648	8.0677	P2
0.157	0.8028	6.304	P2
-0.7014	1.0316	3.6005	P2
0.3748	0.1536	6.1537	P1
-0.682	0.9404	4.4058	P2
-1.397	0.7141	4.9263	P1
-1.8842	-0.2805	1.2548	P1
